size is: 100
size
mmap

funziona tutto settato bene

Ho creato 1Mb di data
3411

MB number: 1

[0]-3 [5000]-3 [10000]-7 [15000]-6 [20000]-6 [25000]-9 [30000]-4 [35000]-1 [40000]-1 [45000]-7 [50000]-2 [55000]-4 [60000]-9 [65000]-0 [70000]-1 [75000]-1 [80000]-9 [85000]-8 [90000]-9 [95000]-4 [100000]-2 [105000]-5 [110000]-5 [115000]-1 [120000]-1 [125000]-5 [130000]-6 [135000]-7 [140000]-5 [145000]-2 [150000]-5 [155000]-0 [160000]-7 [165000]-7 [170000]-3 [175000]-6 [180000]-2 [185000]-6 [190000]-8 [195000]-1 [200000]-8 [205000]-0 [210000]-2 [215000]-4 [220000]-6 [225000]-8 [230000]-8 [235000]-6 [240000]-1 [245000]-7 

MB number: 2

[0]-3 [5000]-3 [10000]-7 [15000]-6 [20000]-6 [25000]-9 [30000]-4 [35000]-1 [40000]-1 [45000]-7 [50000]-2 [55000]-4 [60000]-9 [65000]-0 [70000]-1 [75000]-1 [80000]-9 [85000]-8 [90000]-9 [95000]-4 [100000]-2 [105000]-5 [110000]-5 [115000]-1 [120000]-1 [125000]-5 [130000]-6 [135000]-7 [140000]-5 [145000]-2 [150000]-5 [155000]-0 [160000]-7 [165000]-7 [170000]-3 [175000]-6 [180000]-2 [185000]-6 [190000]-8 [195000]-1 [200000]-8 [205000]-0 [210000]-2 [215000]-4 [220000]-6 [225000]-8 [230000]-8 [235000]-6 [240000]-1 [245000]-7 

MB number: 3

[0]-3 [5000]-3 [10000]-7 [15000]-6 [20000]-6 [25000]-9 [30000]-4 [35000]-1 [40000]-1 [45000]-7 [50000]-2 [55000]-4 [60000]-9 [65000]-0 [70000]-1 [75000]-1 [80000]-9 [85000]-8 [90000]-9 [95000]-4 [100000]-2 [105000]-5 [110000]-5 [115000]-1 [120000]-1 [125000]-5 [130000]-6 [135000]-7 [140000]-5 [145000]-2 [150000]-5 [155000]-0 [160000]-7 [165000]-7 [170000]-3 [175000]-6 [180000]-2 [185000]-6 [190000]-8 [195000]-1 [200000]-8 [205000]-0 [210000]-2 [215000]-4 [220000]-6 [225000]-8 [230000]-8 [235000]-6 [240000]-1 [245000]-7 

MB number: 4

[0]-3 [5000]-3 [10000]-7 [15000]-6 [20000]-6 [25000]-9 [30000]-4 [35000]-1 [40000]-1 [45000]-7 [50000]-2 [55000]-4 [60000]-9 [65000]-0 [70000]-1 [75000]-1 [80000]-9 [85000]-8 [90000]-9 [95000]-4 [100000]-2 [105000]-5 [110000]-5 [115000]-1 [120000]-1 [125000]-5 [130000]-6 [135000]-7 [140000]-5 [145000]-2 [150000]-5 [155000]-0 [160000]-7 [165000]-7 [170000]-3 [175000]-6 [180000]-2 [185000]-6 [190000]-8 [195000]-1 [200000]-8 [205000]-0 [210000]-2 [215000]-4 [220000]-6 [225000]-8 [230000]-8 [235000]-6 [240000]-1 [245000]-7 

MB number: 5

[0]-3 [5000]-3 [10000]-7 [15000]-6 [20000]-6 [25000]-9 [30000]-4 [35000]-1 [40000]-1 [45000]-7 [50000]-2 [55000]-4 [60000]-9 [65000]-0 [70000]-1 [75000]-1 [80000]-9 [85000]-8 [90000]-9 [95000]-4 [100000]-2 [105000]-5 [110000]-5 [115000]-1 [120000]-1 [125000]-5 [130000]-6 [135000]-7 [140000]-5 [145000]-2 [150000]-5 [155000]-0 [160000]-7 [165000]-7 [170000]-3 [175000]-6 [180000]-2 [185000]-6 [190000]-8 [195000]-1 [200000]-8 [205000]-0 [210000]-2 [215000]-4 [220000]-6 [225000]-8 [230000]-8 [235000]-6 [240000]-1 [245000]-7 

MB number: 6

[0]-3 [5000]-3 [10000]-7 [15000]-6 [20000]-6 [25000]-9 [30000]-4 [35000]-1 [40000]-1 [45000]-7 [50000]-2 [55000]-4 [60000]-9 [65000]-0 [70000]-1 [75000]-1 [80000]-9 [85000]-8 [90000]-9 [95000]-4 [100000]-2 [105000]-5 [110000]-5 [115000]-1 [120000]-1 [125000]-5 [130000]-6 [135000]-7 [140000]-5 [145000]-2 [150000]-5 [155000]-0 [160000]-7 [165000]-7 [170000]-3 [175000]-6 [180000]-2 [185000]-6 [190000]-8 [195000]-1 [200000]-8 [205000]-0 [210000]-2 [215000]-4 [220000]-6 [225000]-8 [230000]-8 [235000]-6 [240000]-1 [245000]-7 

MB number: 7

[0]-3 [5000]-3 [10000]-7 [15000]-6 [20000]-6 [25000]-9 [30000]-4 [35000]-1 [40000]-1 [45000]-7 [50000]-2 [55000]-4 [60000]-9 [65000]-0 [70000]-1 [75000]-1 [80000]-9 [85000]-8 [90000]-9 [95000]-4 [100000]-2 [105000]-5 [110000]-5 [115000]-1 [120000]-1 [125000]-5 [130000]-6 [135000]-7 [140000]-5 [145000]-2 [150000]-5 [155000]-0 [160000]-7 [165000]-7 [170000]-3 [175000]-6 [180000]-2 [185000]-6 [190000]-8 [195000]-1 [200000]-8 [205000]-0 [210000]-2 [215000]-4 [220000]-6 [225000]-8 [230000]-8 [235000]-6 [240000]-1 [245000]-7 

MB number: 8

[0]-3 [5000]-3 [10000]-7 [15000]-6 [20000]-6 [25000]-9 [30000]-4 [35000]-1 [40000]-1 [45000]-7 [50000]-2 [55000]-4 [60000]-9 [65000]-0 [70000]-1 [75000]-1 [80000]-9 [85000]-8 [90000]-9 [95000]-4 [100000]-2 [105000]-5 [110000]-5 [115000]-1 [120000]-1 [125000]-5 [130000]-6 [135000]-7 [140000]-5 [145000]-2 [150000]-5 [155000]-0 [160000]-7 [165000]-7 [170000]-3 [175000]-6 [180000]-2 [185000]-6 [190000]-8 [195000]-1 [200000]-8 [205000]-0 [210000]-2 [215000]-4 [220000]-6 [225000]-8 [230000]-8 [235000]-6 [240000]-1 [245000]-7 

MB number: 9

[0]-3 [5000]-3 [10000]-7 [15000]-6 [20000]-6 [25000]-9 [30000]-4 [35000]-1 [40000]-1 [45000]-7 [50000]-2 [55000]-4 [60000]-9 [65000]-0 [70000]-1 [75000]-1 [80000]-9 [85000]-8 [90000]-9 [95000]-4 [100000]-2 [105000]-5 [110000]-5 [115000]-1 [120000]-1 [125000]-5 [130000]-6 [135000]-7 [140000]-5 [145000]-2 [150000]-5 [155000]-0 [160000]-7 [165000]-7 [170000]-3 [175000]-6 [180000]-2 [185000]-6 [190000]-8 [195000]-1 [200000]-8 [205000]-0 [210000]-2 [215000]-4 [220000]-6 [225000]-8 [230000]-8 [235000]-6 [240000]-1 [245000]-7 

MB number: 10

[0]-3 [5000]-3 [10000]-7 [15000]-6 [20000]-6 [25000]-9 [30000]-4 [35000]-1 [40000]-1 [45000]-7 [50000]-2 [55000]-4 [60000]-9 [65000]-0 [70000]-1 [75000]-1 [80000]-9 [85000]-8 [90000]-9 [95000]-4 [100000]-2 [105000]-5 [110000]-5 [115000]-1 [120000]-1 [125000]-5 [130000]-6 [135000]-7 [140000]-5 [145000]-2 [150000]-5 [155000]-0 [160000]-7 [165000]-7 [170000]-3 [175000]-6 [180000]-2 [185000]-6 [190000]-8 [195000]-1 [200000]-8 [205000]-0 [210000]-2 [215000]-4 [220000]-6 [225000]-8 [230000]-8 [235000]-6 [240000]-1 [245000]-7 

MB number: 11

[0]-3 [5000]-3 [10000]-7 [15000]-6 [20000]-6 [25000]-9 [30000]-4 [35000]-1 [40000]-1 [45000]-7 [50000]-2 [55000]-4 [60000]-9 [65000]-0 [70000]-1 [75000]-1 [80000]-9 [85000]-8 [90000]-9 [95000]-4 [100000]-2 [105000]-5 [110000]-5 [115000]-1 [120000]-1 [125000]-5 [130000]-6 [135000]-7 [140000]-5 [145000]-2 [150000]-5 [155000]-0 [160000]-7 [165000]-7 [170000]-3 [175000]-6 [180000]-2 [185000]-6 [190000]-8 [195000]-1 [200000]-8 [205000]-0 [210000]-2 [215000]-4 [220000]-6 [225000]-8 [230000]-8 [235000]-6 [240000]-1 [245000]-7 

MB number: 12

[0]-3 [5000]-3 [10000]-7 [15000]-6 [20000]-6 [25000]-9 [30000]-4 [35000]-1 [40000]-1 [45000]-7 [50000]-2 [55000]-4 [60000]-9 [65000]-0 [70000]-1 [75000]-1 [80000]-9 [85000]-8 [90000]-9 [95000]-4 [100000]-2 [105000]-5 [110000]-5 [115000]-1 [120000]-1 [125000]-5 [130000]-6 [135000]-7 [140000]-5 [145000]-2 [150000]-5 [155000]-0 [160000]-7 [165000]-7 [170000]-3 [175000]-6 [180000]-2 [185000]-6 [190000]-8 [195000]-1 [200000]-8 [205000]-0 [210000]-2 [215000]-4 [220000]-6 [225000]-8 [230000]-8 [235000]-6 [240000]-1 [245000]-7 

MB number: 13

[0]-3 [5000]-3 [10000]-7 [15000]-6 [20000]-6 [25000]-9 [30000]-4 [35000]-1 [40000]-1 [45000]-7 [50000]-2 [55000]-4 [60000]-9 [65000]-0 [70000]-1 [75000]-1 [80000]-9 [85000]-8 [90000]-9 [95000]-4 [100000]-2 [105000]-5 [110000]-5 [115000]-1 [120000]-1 [125000]-5 [130000]-6 [135000]-7 [140000]-5 [145000]-2 [150000]-5 [155000]-0 [160000]-7 [165000]-7 [170000]-3 [175000]-6 [180000]-2 [185000]-6 [190000]-8 [195000]-1 [200000]-8 [205000]-0 [210000]-2 [215000]-4 [220000]-6 [225000]-8 [230000]-8 [235000]-6 [240000]-1 [245000]-7 

MB number: 14

[0]-3 [5000]-3 [10000]-7 [15000]-6 [20000]-6 [25000]-9 [30000]-4 [35000]-1 [40000]-1 [45000]-7 [50000]-2 [55000]-4 [60000]-9 [65000]-0 [70000]-1 [75000]-1 [80000]-9 [85000]-8 [90000]-9 [95000]-4 [100000]-2 [105000]-5 [110000]-5 [115000]-1 [120000]-1 [125000]-5 [130000]-6 [135000]-7 [140000]-5 [145000]-2 [150000]-5 [155000]-0 [160000]-7 [165000]-7 [170000]-3 [175000]-6 [180000]-2 [185000]-6 [190000]-8 [195000]-1 [200000]-8 [205000]-0 [210000]-2 [215000]-4 [220000]-6 [225000]-8 [230000]-8 [235000]-6 [240000]-1 [245000]-7 

MB number: 15

[0]-3 [5000]-3 [10000]-7 [15000]-6 [20000]-6 [25000]-9 [30000]-4 [35000]-1 [40000]-1 [45000]-7 [50000]-2 [55000]-4 [60000]-9 [65000]-0 [70000]-1 [75000]-1 [80000]-9 [85000]-8 [90000]-9 [95000]-4 [100000]-2 [105000]-5 [110000]-5 [115000]-1 [120000]-1 [125000]-5 [130000]-6 [135000]-7 [140000]-5 [145000]-2 [150000]-5 [155000]-0 [160000]-7 [165000]-7 [170000]-3 [175000]-6 [180000]-2 [185000]-6 [190000]-8 [195000]-1 [200000]-8 [205000]-0 [210000]-2 [215000]-4 [220000]-6 [225000]-8 [230000]-8 [235000]-6 [240000]-1 [245000]-7 

MB number: 16

[0]-3 [5000]-3 [10000]-7 [15000]-6 [20000]-6 [25000]-9 [30000]-4 [35000]-1 [40000]-1 [45000]-7 [50000]-2 [55000]-4 [60000]-9 [65000]-0 [70000]-1 [75000]-1 [80000]-9 [85000]-8 [90000]-9 [95000]-4 [100000]-2 [105000]-5 [110000]-5 [115000]-1 [120000]-1 [125000]-5 [130000]-6 [135000]-7 [140000]-5 [145000]-2 [150000]-5 [155000]-0 [160000]-7 [165000]-7 [170000]-3 [175000]-6 [180000]-2 [185000]-6 [190000]-8 [195000]-1 [200000]-8 [205000]-0 [210000]-2 [215000]-4 [220000]-6 [225000]-8 [230000]-8 [235000]-6 [240000]-1 [245000]-7 

MB number: 17

[0]-3 [5000]-3 [10000]-7 [15000]-6 [20000]-6 [25000]-9 [30000]-4 [35000]-1 [40000]-1 [45000]-7 [50000]-2 [55000]-4 [60000]-9 [65000]-0 [70000]-1 [75000]-1 [80000]-9 [85000]-8 [90000]-9 [95000]-4 [100000]-2 [105000]-5 [110000]-5 [115000]-1 [120000]-1 [125000]-5 [130000]-6 [135000]-7 [140000]-5 [145000]-2 [150000]-5 [155000]-0 [160000]-7 [165000]-7 [170000]-3 [175000]-6 [180000]-2 [185000]-6 [190000]-8 [195000]-1 [200000]-8 [205000]-0 [210000]-2 [215000]-4 [220000]-6 [225000]-8 [230000]-8 [235000]-6 [240000]-1 [245000]-7 

MB number: 18

[0]-3 [5000]-3 [10000]-7 [15000]-6 [20000]-6 [25000]-9 [30000]-4 [35000]-1 [40000]-1 [45000]-7 [50000]-2 [55000]-4 [60000]-9 [65000]-0 [70000]-1 [75000]-1 [80000]-9 [85000]-8 [90000]-9 [95000]-4 [100000]-2 [105000]-5 [110000]-5 [115000]-1 [120000]-1 [125000]-5 [130000]-6 [135000]-7 [140000]-5 [145000]-2 [150000]-5 [155000]-0 [160000]-7 [165000]-7 [170000]-3 [175000]-6 [180000]-2 [185000]-6 [190000]-8 [195000]-1 [200000]-8 [205000]-0 [210000]-2 [215000]-4 [220000]-6 [225000]-8 [230000]-8 [235000]-6 [240000]-1 [245000]-7 

MB number: 19

[0]-3 [5000]-3 [10000]-7 [15000]-6 [20000]-6 [25000]-9 [30000]-4 [35000]-1 [40000]-1 [45000]-7 [50000]-2 [55000]-4 [60000]-9 [65000]-0 [70000]-1 [75000]-1 [80000]-9 [85000]-8 [90000]-9 [95000]-4 [100000]-2 [105000]-5 [110000]-5 [115000]-1 [120000]-1 [125000]-5 [130000]-6 [135000]-7 [140000]-5 [145000]-2 [150000]-5 [155000]-0 [160000]-7 [165000]-7 [170000]-3 [175000]-6 [180000]-2 [185000]-6 [190000]-8 [195000]-1 [200000]-8 [205000]-0 [210000]-2 [215000]-4 [220000]-6 [225000]-8 [230000]-8 [235000]-6 [240000]-1 [245000]-7 

MB number: 20

[0]-3 [5000]-3 [10000]-7 [15000]-6 [20000]-6 [25000]-9 [30000]-4 [35000]-1 [40000]-1 [45000]-7 [50000]-2 [55000]-4 [60000]-9 [65000]-0 [70000]-1 [75000]-1 [80000]-9 [85000]-8 [90000]-9 [95000]-4 [100000]-2 [105000]-5 [110000]-5 [115000]-1 [120000]-1 [125000]-5 [130000]-6 [135000]-7 [140000]-5 [145000]-2 [150000]-5 [155000]-0 [160000]-7 [165000]-7 [170000]-3 [175000]-6 [180000]-2 [185000]-6 [190000]-8 [195000]-1 [200000]-8 [205000]-0 [210000]-2 [215000]-4 [220000]-6 [225000]-8 [230000]-8 [235000]-6 [240000]-1 [245000]-7 

MB number: 21

[0]-3 [5000]-3 [10000]-7 [15000]-6 [20000]-6 [25000]-9 [30000]-4 [35000]-1 [40000]-1 [45000]-7 [50000]-2 [55000]-4 [60000]-9 [65000]-0 [70000]-1 [75000]-1 [80000]-9 [85000]-8 [90000]-9 [95000]-4 [100000]-2 [105000]-5 [110000]-5 [115000]-1 [120000]-1 [125000]-5 [130000]-6 [135000]-7 [140000]-5 [145000]-2 [150000]-5 [155000]-0 [160000]-7 [165000]-7 [170000]-3 [175000]-6 [180000]-2 [185000]-6 [190000]-8 [195000]-1 [200000]-8 [205000]-0 [210000]-2 [215000]-4 [220000]-6 [225000]-8 [230000]-8 [235000]-6 [240000]-1 [245000]-7 

MB number: 22

[0]-3 [5000]-3 [10000]-7 [15000]-6 [20000]-6 [25000]-9 [30000]-4 [35000]-1 [40000]-1 [45000]-7 [50000]-2 [55000]-4 [60000]-9 [65000]-0 [70000]-1 [75000]-1 [80000]-9 [85000]-8 [90000]-9 [95000]-4 [100000]-2 [105000]-5 [110000]-5 [115000]-1 [120000]-1 [125000]-5 [130000]-6 [135000]-7 [140000]-5 [145000]-2 [150000]-5 [155000]-0 [160000]-7 [165000]-7 [170000]-3 [175000]-6 [180000]-2 [185000]-6 [190000]-8 [195000]-1 [200000]-8 [205000]-0 [210000]-2 [215000]-4 [220000]-6 [225000]-8 [230000]-8 [235000]-6 [240000]-1 [245000]-7 

MB number: 23

[0]-3 [5000]-3 [10000]-7 [15000]-6 [20000]-6 [25000]-9 [30000]-4 [35000]-1 [40000]-1 [45000]-7 [50000]-2 [55000]-4 [60000]-9 [65000]-0 [70000]-1 [75000]-1 [80000]-9 [85000]-8 [90000]-9 [95000]-4 [100000]-2 [105000]-5 [110000]-5 [115000]-1 [120000]-1 [125000]-5 [130000]-6 [135000]-7 [140000]-5 [145000]-2 [150000]-5 [155000]-0 [160000]-7 [165000]-7 [170000]-3 [175000]-6 [180000]-2 [185000]-6 [190000]-8 [195000]-1 [200000]-8 [205000]-0 [210000]-2 [215000]-4 [220000]-6 [225000]-8 [230000]-8 [235000]-6 [240000]-1 [245000]-7 

MB number: 24

[0]-3 [5000]-3 [10000]-7 [15000]-6 [20000]-6 [25000]-9 [30000]-4 [35000]-1 [40000]-1 [45000]-7 [50000]-2 [55000]-4 [60000]-9 [65000]-0 [70000]-1 [75000]-1 [80000]-9 [85000]-8 [90000]-9 [95000]-4 [100000]-2 [105000]-5 [110000]-5 [115000]-1 [120000]-1 [125000]-5 [130000]-6 [135000]-7 [140000]-5 [145000]-2 [150000]-5 [155000]-0 [160000]-7 [165000]-7 [170000]-3 [175000]-6 [180000]-2 [185000]-6 [190000]-8 [195000]-1 [200000]-8 [205000]-0 [210000]-2 [215000]-4 [220000]-6 [225000]-8 [230000]-8 [235000]-6 [240000]-1 [245000]-7 

MB number: 25

[0]-3 [5000]-3 [10000]-7 [15000]-6 [20000]-6 [25000]-9 [30000]-4 [35000]-1 [40000]-1 [45000]-7 [50000]-2 [55000]-4 [60000]-9 [65000]-0 [70000]-1 [75000]-1 [80000]-9 [85000]-8 [90000]-9 [95000]-4 [100000]-2 [105000]-5 [110000]-5 [115000]-1 [120000]-1 [125000]-5 [130000]-6 [135000]-7 [140000]-5 [145000]-2 [150000]-5 [155000]-0 [160000]-7 [165000]-7 [170000]-3 [175000]-6 [180000]-2 [185000]-6 [190000]-8 [195000]-1 [200000]-8 [205000]-0 [210000]-2 [215000]-4 [220000]-6 [225000]-8 [230000]-8 [235000]-6 [240000]-1 [245000]-7 

MB number: 26

[0]-3 [5000]-3 [10000]-7 [15000]-6 [20000]-6 [25000]-9 [30000]-4 [35000]-1 [40000]-1 [45000]-7 [50000]-2 [55000]-4 [60000]-9 [65000]-0 [70000]-1 [75000]-1 [80000]-9 [85000]-8 [90000]-9 [95000]-4 [100000]-2 [105000]-5 [110000]-5 [115000]-1 [120000]-1 [125000]-5 [130000]-6 [135000]-7 [140000]-5 [145000]-2 [150000]-5 [155000]-0 [160000]-7 [165000]-7 [170000]-3 [175000]-6 [180000]-2 [185000]-6 [190000]-8 [195000]-1 [200000]-8 [205000]-0 [210000]-2 [215000]-4 [220000]-6 [225000]-8 [230000]-8 [235000]-6 [240000]-1 [245000]-7 

MB number: 27

[0]-3 [5000]-3 [10000]-7 [15000]-6 [20000]-6 [25000]-9 [30000]-4 [35000]-1 [40000]-1 [45000]-7 [50000]-2 [55000]-4 [60000]-9 [65000]-0 [70000]-1 [75000]-1 [80000]-9 [85000]-8 [90000]-9 [95000]-4 [100000]-2 [105000]-5 [110000]-5 [115000]-1 [120000]-1 [125000]-5 [130000]-6 [135000]-7 [140000]-5 [145000]-2 [150000]-5 [155000]-0 [160000]-7 [165000]-7 [170000]-3 [175000]-6 [180000]-2 [185000]-6 [190000]-8 [195000]-1 [200000]-8 [205000]-0 [210000]-2 [215000]-4 [220000]-6 [225000]-8 [230000]-8 [235000]-6 [240000]-1 [245000]-7 

MB number: 28

[0]-3 [5000]-3 [10000]-7 [15000]-6 [20000]-6 [25000]-9 [30000]-4 [35000]-1 [40000]-1 [45000]-7 [50000]-2 [55000]-4 [60000]-9 [65000]-0 [70000]-1 [75000]-1 [80000]-9 [85000]-8 [90000]-9 [95000]-4 [100000]-2 [105000]-5 [110000]-5 [115000]-1 [120000]-1 [125000]-5 [130000]-6 [135000]-7 [140000]-5 [145000]-2 [150000]-5 [155000]-0 [160000]-7 [165000]-7 [170000]-3 [175000]-6 [180000]-2 [185000]-6 [190000]-8 [195000]-1 [200000]-8 [205000]-0 [210000]-2 [215000]-4 [220000]-6 [225000]-8 [230000]-8 [235000]-6 [240000]-1 [245000]-7 

MB number: 29

[0]-3 [5000]-3 [10000]-7 [15000]-6 [20000]-6 [25000]-9 [30000]-4 [35000]-1 [40000]-1 [45000]-7 [50000]-2 [55000]-4 [60000]-9 [65000]-0 [70000]-1 [75000]-1 [80000]-9 [85000]-8 [90000]-9 [95000]-4 [100000]-2 [105000]-5 [110000]-5 [115000]-1 [120000]-1 [125000]-5 [130000]-6 [135000]-7 [140000]-5 [145000]-2 [150000]-5 [155000]-0 [160000]-7 [165000]-7 [170000]-3 [175000]-6 [180000]-2 [185000]-6 [190000]-8 [195000]-1 [200000]-8 [205000]-0 [210000]-2 [215000]-4 [220000]-6 [225000]-8 [230000]-8 [235000]-6 [240000]-1 [245000]-7 

MB number: 30

[0]-3 [5000]-3 [10000]-7 [15000]-6 [20000]-6 [25000]-9 [30000]-4 [35000]-1 [40000]-1 [45000]-7 [50000]-2 [55000]-4 [60000]-9 [65000]-0 [70000]-1 [75000]-1 [80000]-9 [85000]-8 [90000]-9 [95000]-4 [100000]-2 [105000]-5 [110000]-5 [115000]-1 [120000]-1 [125000]-5 [130000]-6 [135000]-7 [140000]-5 [145000]-2 [150000]-5 [155000]-0 [160000]-7 [165000]-7 [170000]-3 [175000]-6 [180000]-2 [185000]-6 [190000]-8 [195000]-1 [200000]-8 [205000]-0 [210000]-2 [215000]-4 [220000]-6 [225000]-8 [230000]-8 [235000]-6 [240000]-1 [245000]-7 

MB number: 31

[0]-3 [5000]-3 [10000]-7 [15000]-6 [20000]-6 [25000]-9 [30000]-4 [35000]-1 [40000]-1 [45000]-7 [50000]-2 [55000]-4 [60000]-9 [65000]-0 [70000]-1 [75000]-1 [80000]-9 [85000]-8 [90000]-9 [95000]-4 [100000]-2 [105000]-5 [110000]-5 [115000]-1 [120000]-1 [125000]-5 [130000]-6 [135000]-7 [140000]-5 [145000]-2 [150000]-5 [155000]-0 [160000]-7 [165000]-7 [170000]-3 [175000]-6 [180000]-2 [185000]-6 [190000]-8 [195000]-1 [200000]-8 [205000]-0 [210000]-2 [215000]-4 [220000]-6 [225000]-8 [230000]-8 [235000]-6 [240000]-1 [245000]-7 

MB number: 32

[0]-3 [5000]-3 [10000]-7 [15000]-6 [20000]-6 [25000]-9 [30000]-4 [35000]-1 [40000]-1 [45000]-7 [50000]-2 [55000]-4 [60000]-9 [65000]-0 [70000]-1 [75000]-1 [80000]-9 [85000]-8 [90000]-9 [95000]-4 [100000]-2 [105000]-5 [110000]-5 [115000]-1 [120000]-1 [125000]-5 [130000]-6 [135000]-7 [140000]-5 [145000]-2 [150000]-5 [155000]-0 [160000]-7 [165000]-7 [170000]-3 [175000]-6 [180000]-2 [185000]-6 [190000]-8 [195000]-1 [200000]-8 [205000]-0 [210000]-2 [215000]-4 [220000]-6 [225000]-8 [230000]-8 [235000]-6 [240000]-1 [245000]-7 

MB number: 33

[0]-3 [5000]-3 [10000]-7 [15000]-6 [20000]-6 [25000]-9 [30000]-4 [35000]-1 [40000]-1 [45000]-7 [50000]-2 [55000]-4 [60000]-9 [65000]-0 [70000]-1 [75000]-1 [80000]-9 [85000]-8 [90000]-9 [95000]-4 [100000]-2 [105000]-5 [110000]-5 [115000]-1 [120000]-1 [125000]-5 [130000]-6 [135000]-7 [140000]-5 [145000]-2 [150000]-5 [155000]-0 [160000]-7 [165000]-7 [170000]-3 [175000]-6 [180000]-2 [185000]-6 [190000]-8 [195000]-1 [200000]-8 [205000]-0 [210000]-2 [215000]-4 [220000]-6 [225000]-8 [230000]-8 [235000]-6 [240000]-1 [245000]-7 

MB number: 34

[0]-3 [5000]-3 [10000]-7 [15000]-6 [20000]-6 [25000]-9 [30000]-4 [35000]-1 [40000]-1 [45000]-7 [50000]-2 [55000]-4 [60000]-9 [65000]-0 [70000]-1 [75000]-1 [80000]-9 [85000]-8 [90000]-9 [95000]-4 [100000]-2 [105000]-5 [110000]-5 [115000]-1 [120000]-1 [125000]-5 [130000]-6 [135000]-7 [140000]-5 [145000]-2 [150000]-5 [155000]-0 [160000]-7 [165000]-7 [170000]-3 [175000]-6 [180000]-2 [185000]-6 [190000]-8 [195000]-1 [200000]-8 [205000]-0 [210000]-2 [215000]-4 [220000]-6 [225000]-8 [230000]-8 [235000]-6 [240000]-1 [245000]-7 

MB number: 35

[0]-3 [5000]-3 [10000]-7 [15000]-6 [20000]-6 [25000]-9 [30000]-4 [35000]-1 [40000]-1 [45000]-7 [50000]-2 [55000]-4 [60000]-9 [65000]-0 [70000]-1 [75000]-1 [80000]-9 [85000]-8 [90000]-9 [95000]-4 [100000]-2 [105000]-5 [110000]-5 [115000]-1 [120000]-1 [125000]-5 [130000]-6 [135000]-7 [140000]-5 [145000]-2 [150000]-5 [155000]-0 [160000]-7 [165000]-7 [170000]-3 [175000]-6 [180000]-2 [185000]-6 [190000]-8 [195000]-1 [200000]-8 [205000]-0 [210000]-2 [215000]-4 [220000]-6 [225000]-8 [230000]-8 [235000]-6 [240000]-1 [245000]-7 

MB number: 36

[0]-3 [5000]-3 [10000]-7 [15000]-6 [20000]-6 [25000]-9 [30000]-4 [35000]-1 [40000]-1 [45000]-7 [50000]-2 [55000]-4 [60000]-9 [65000]-0 [70000]-1 [75000]-1 [80000]-9 [85000]-8 [90000]-9 [95000]-4 [100000]-2 [105000]-5 [110000]-5 [115000]-1 [120000]-1 [125000]-5 [130000]-6 [135000]-7 [140000]-5 [145000]-2 [150000]-5 [155000]-0 [160000]-7 [165000]-7 [170000]-3 [175000]-6 [180000]-2 [185000]-6 [190000]-8 [195000]-1 [200000]-8 [205000]-0 [210000]-2 [215000]-4 [220000]-6 [225000]-8 [230000]-8 [235000]-6 [240000]-1 [245000]-7 

MB number: 37

[0]-3 [5000]-3 [10000]-7 [15000]-6 [20000]-6 [25000]-9 [30000]-4 [35000]-1 [40000]-1 [45000]-7 [50000]-2 [55000]-4 [60000]-9 [65000]-0 [70000]-1 [75000]-1 [80000]-9 [85000]-8 [90000]-9 [95000]-4 [100000]-2 [105000]-5 [110000]-5 [115000]-1 [120000]-1 [125000]-5 [130000]-6 [135000]-7 [140000]-5 [145000]-2 [150000]-5 [155000]-0 [160000]-7 [165000]-7 [170000]-3 [175000]-6 [180000]-2 [185000]-6 [190000]-8 [195000]-1 [200000]-8 [205000]-0 [210000]-2 [215000]-4 [220000]-6 [225000]-8 [230000]-8 [235000]-6 [240000]-1 [245000]-7 

MB number: 38

[0]-3 [5000]-3 [10000]-7 [15000]-6 [20000]-6 [25000]-9 [30000]-4 [35000]-1 [40000]-1 [45000]-7 [50000]-2 [55000]-4 [60000]-9 [65000]-0 [70000]-1 [75000]-1 [80000]-9 [85000]-8 [90000]-9 [95000]-4 [100000]-2 [105000]-5 [110000]-5 [115000]-1 [120000]-1 [125000]-5 [130000]-6 [135000]-7 [140000]-5 [145000]-2 [150000]-5 [155000]-0 [160000]-7 [165000]-7 [170000]-3 [175000]-6 [180000]-2 [185000]-6 [190000]-8 [195000]-1 [200000]-8 [205000]-0 [210000]-2 [215000]-4 [220000]-6 [225000]-8 [230000]-8 [235000]-6 [240000]-1 [245000]-7 

MB number: 39

[0]-3 [5000]-3 [10000]-7 [15000]-6 [20000]-6 [25000]-9 [30000]-4 [35000]-1 [40000]-1 [45000]-7 [50000]-2 [55000]-4 [60000]-9 [65000]-0 [70000]-1 [75000]-1 [80000]-9 [85000]-8 [90000]-9 [95000]-4 [100000]-2 [105000]-5 [110000]-5 [115000]-1 [120000]-1 [125000]-5 [130000]-6 [135000]-7 [140000]-5 [145000]-2 [150000]-5 [155000]-0 [160000]-7 [165000]-7 [170000]-3 [175000]-6 [180000]-2 [185000]-6 [190000]-8 [195000]-1 [200000]-8 [205000]-0 [210000]-2 [215000]-4 [220000]-6 [225000]-8 [230000]-8 [235000]-6 [240000]-1 [245000]-7 

MB number: 40

[0]-3 [5000]-3 [10000]-7 [15000]-6 [20000]-6 [25000]-9 [30000]-4 [35000]-1 [40000]-1 [45000]-7 [50000]-2 [55000]-4 [60000]-9 [65000]-0 [70000]-1 [75000]-1 [80000]-9 [85000]-8 [90000]-9 [95000]-4 [100000]-2 [105000]-5 [110000]-5 [115000]-1 [120000]-1 [125000]-5 [130000]-6 [135000]-7 [140000]-5 [145000]-2 [150000]-5 [155000]-0 [160000]-7 [165000]-7 [170000]-3 [175000]-6 [180000]-2 [185000]-6 [190000]-8 [195000]-1 [200000]-8 [205000]-0 [210000]-2 [215000]-4 [220000]-6 [225000]-8 [230000]-8 [235000]-6 [240000]-1 [245000]-7 

MB number: 41

[0]-3 [5000]-3 [10000]-7 [15000]-6 [20000]-6 [25000]-9 [30000]-4 [35000]-1 [40000]-1 [45000]-7 [50000]-2 [55000]-4 [60000]-9 [65000]-0 [70000]-1 [75000]-1 [80000]-9 [85000]-8 [90000]-9 [95000]-4 [100000]-2 [105000]-5 [110000]-5 [115000]-1 [120000]-1 [125000]-5 [130000]-6 [135000]-7 [140000]-5 [145000]-2 [150000]-5 [155000]-0 [160000]-7 [165000]-7 [170000]-3 [175000]-6 [180000]-2 [185000]-6 [190000]-8 [195000]-1 [200000]-8 [205000]-0 [210000]-2 [215000]-4 [220000]-6 [225000]-8 [230000]-8 [235000]-6 [240000]-1 [245000]-7 

MB number: 42

[0]-3 [5000]-3 [10000]-7 [15000]-6 [20000]-6 [25000]-9 [30000]-4 [35000]-1 [40000]-1 [45000]-7 [50000]-2 [55000]-4 [60000]-9 [65000]-0 [70000]-1 [75000]-1 [80000]-9 [85000]-8 [90000]-9 [95000]-4 [100000]-2 [105000]-5 [110000]-5 [115000]-1 [120000]-1 [125000]-5 [130000]-6 [135000]-7 [140000]-5 [145000]-2 [150000]-5 [155000]-0 [160000]-7 [165000]-7 [170000]-3 [175000]-6 [180000]-2 [185000]-6 [190000]-8 [195000]-1 [200000]-8 [205000]-0 [210000]-2 [215000]-4 [220000]-6 [225000]-8 [230000]-8 [235000]-6 [240000]-1 [245000]-7 

MB number: 43

[0]-3 [5000]-3 [10000]-7 [15000]-6 [20000]-6 [25000]-9 [30000]-4 [35000]-1 [40000]-1 [45000]-7 [50000]-2 [55000]-4 [60000]-9 [65000]-0 [70000]-1 [75000]-1 [80000]-9 [85000]-8 [90000]-9 [95000]-4 [100000]-2 [105000]-5 [110000]-5 [115000]-1 [120000]-1 [125000]-5 [130000]-6 [135000]-7 [140000]-5 [145000]-2 [150000]-5 [155000]-0 [160000]-7 [165000]-7 [170000]-3 [175000]-6 [180000]-2 [185000]-6 [190000]-8 [195000]-1 [200000]-8 [205000]-0 [210000]-2 [215000]-4 [220000]-6 [225000]-8 [230000]-8 [235000]-6 [240000]-1 [245000]-7 

MB number: 44

[0]-3 [5000]-3 [10000]-7 [15000]-6 [20000]-6 [25000]-9 [30000]-4 [35000]-1 [40000]-1 [45000]-7 [50000]-2 [55000]-4 [60000]-9 [65000]-0 [70000]-1 [75000]-1 [80000]-9 [85000]-8 [90000]-9 [95000]-4 [100000]-2 [105000]-5 [110000]-5 [115000]-1 [120000]-1 [125000]-5 [130000]-6 [135000]-7 [140000]-5 [145000]-2 [150000]-5 [155000]-0 [160000]-7 [165000]-7 [170000]-3 [175000]-6 [180000]-2 [185000]-6 [190000]-8 [195000]-1 [200000]-8 [205000]-0 [210000]-2 [215000]-4 [220000]-6 [225000]-8 [230000]-8 [235000]-6 [240000]-1 [245000]-7 

MB number: 45

[0]-3 [5000]-3 [10000]-7 [15000]-6 [20000]-6 [25000]-9 [30000]-4 [35000]-1 [40000]-1 [45000]-7 [50000]-2 [55000]-4 [60000]-9 [65000]-0 [70000]-1 [75000]-1 [80000]-9 [85000]-8 [90000]-9 [95000]-4 [100000]-2 [105000]-5 [110000]-5 [115000]-1 [120000]-1 [125000]-5 [130000]-6 [135000]-7 [140000]-5 [145000]-2 [150000]-5 [155000]-0 [160000]-7 [165000]-7 [170000]-3 [175000]-6 [180000]-2 [185000]-6 [190000]-8 [195000]-1 [200000]-8 [205000]-0 [210000]-2 [215000]-4 [220000]-6 [225000]-8 [230000]-8 [235000]-6 [240000]-1 [245000]-7 

MB number: 46

[0]-3 [5000]-3 [10000]-7 [15000]-6 [20000]-6 [25000]-9 [30000]-4 [35000]-1 [40000]-1 [45000]-7 [50000]-2 [55000]-4 [60000]-9 [65000]-0 [70000]-1 [75000]-1 [80000]-9 [85000]-8 [90000]-9 [95000]-4 [100000]-2 [105000]-5 [110000]-5 [115000]-1 [120000]-1 [125000]-5 [130000]-6 [135000]-7 [140000]-5 [145000]-2 [150000]-5 [155000]-0 [160000]-7 [165000]-7 [170000]-3 [175000]-6 [180000]-2 [185000]-6 [190000]-8 [195000]-1 [200000]-8 [205000]-0 [210000]-2 [215000]-4 [220000]-6 [225000]-8 [230000]-8 [235000]-6 [240000]-1 [245000]-7 

MB number: 47

[0]-3 [5000]-3 [10000]-7 [15000]-6 [20000]-6 [25000]-9 [30000]-4 [35000]-1 [40000]-1 [45000]-7 [50000]-2 [55000]-4 [60000]-9 [65000]-0 [70000]-1 [75000]-1 [80000]-9 [85000]-8 [90000]-9 [95000]-4 [100000]-2 [105000]-5 [110000]-5 [115000]-1 [120000]-1 [125000]-5 [130000]-6 [135000]-7 [140000]-5 [145000]-2 [150000]-5 [155000]-0 [160000]-7 [165000]-7 [170000]-3 [175000]-6 [180000]-2 [185000]-6 [190000]-8 [195000]-1 [200000]-8 [205000]-0 [210000]-2 [215000]-4 [220000]-6 [225000]-8 [230000]-8 [235000]-6 [240000]-1 [245000]-7 

MB number: 48

[0]-3 [5000]-3 [10000]-7 [15000]-6 [20000]-6 [25000]-9 [30000]-4 [35000]-1 [40000]-1 [45000]-7 [50000]-2 [55000]-4 [60000]-9 [65000]-0 [70000]-1 [75000]-1 [80000]-9 [85000]-8 [90000]-9 [95000]-4 [100000]-2 [105000]-5 [110000]-5 [115000]-1 [120000]-1 [125000]-5 [130000]-6 [135000]-7 [140000]-5 [145000]-2 [150000]-5 [155000]-0 [160000]-7 [165000]-7 [170000]-3 [175000]-6 [180000]-2 [185000]-6 [190000]-8 [195000]-1 [200000]-8 [205000]-0 [210000]-2 [215000]-4 [220000]-6 [225000]-8 [230000]-8 [235000]-6 [240000]-1 [245000]-7 

MB number: 49

[0]-3 [5000]-3 [10000]-7 [15000]-6 [20000]-6 [25000]-9 [30000]-4 [35000]-1 [40000]-1 [45000]-7 [50000]-2 [55000]-4 [60000]-9 [65000]-0 [70000]-1 [75000]-1 [80000]-9 [85000]-8 [90000]-9 [95000]-4 [100000]-2 [105000]-5 [110000]-5 [115000]-1 [120000]-1 [125000]-5 [130000]-6 [135000]-7 [140000]-5 [145000]-2 [150000]-5 [155000]-0 [160000]-7 [165000]-7 [170000]-3 [175000]-6 [180000]-2 [185000]-6 [190000]-8 [195000]-1 [200000]-8 [205000]-0 [210000]-2 [215000]-4 [220000]-6 [225000]-8 [230000]-8 [235000]-6 [240000]-1 [245000]-7 

MB number: 50

[0]-3 [5000]-3 [10000]-7 [15000]-6 [20000]-6 [25000]-9 [30000]-4 [35000]-1 [40000]-1 [45000]-7 [50000]-2 [55000]-4 [60000]-9 [65000]-0 [70000]-1 [75000]-1 [80000]-9 [85000]-8 [90000]-9 [95000]-4 [100000]-2 [105000]-5 [110000]-5 [115000]-1 [120000]-1 [125000]-5 [130000]-6 [135000]-7 [140000]-5 [145000]-2 [150000]-5 [155000]-0 [160000]-7 [165000]-7 [170000]-3 [175000]-6 [180000]-2 [185000]-6 [190000]-8 [195000]-1 [200000]-8 [205000]-0 [210000]-2 [215000]-4 [220000]-6 [225000]-8 [230000]-8 [235000]-6 [240000]-1 [245000]-7 

MB number: 51

[0]-3 [5000]-3 [10000]-7 [15000]-6 [20000]-6 [25000]-9 [30000]-4 [35000]-1 [40000]-1 [45000]-7 [50000]-2 [55000]-4 [60000]-9 [65000]-0 [70000]-1 [75000]-1 [80000]-9 [85000]-8 [90000]-9 [95000]-4 [100000]-2 [105000]-5 [110000]-5 [115000]-1 [120000]-1 [125000]-5 [130000]-6 [135000]-7 [140000]-5 [145000]-2 [150000]-5 [155000]-0 [160000]-7 [165000]-7 [170000]-3 [175000]-6 [180000]-2 [185000]-6 [190000]-8 [195000]-1 [200000]-8 [205000]-0 [210000]-2 [215000]-4 [220000]-6 [225000]-8 [230000]-8 [235000]-6 [240000]-1 [245000]-7 

MB number: 52

[0]-3 [5000]-3 [10000]-7 [15000]-6 [20000]-6 [25000]-9 [30000]-4 [35000]-1 [40000]-1 [45000]-7 [50000]-2 [55000]-4 [60000]-9 [65000]-0 [70000]-1 [75000]-1 [80000]-9 [85000]-8 [90000]-9 [95000]-4 [100000]-2 [105000]-5 [110000]-5 [115000]-1 [120000]-1 [125000]-5 [130000]-6 [135000]-7 [140000]-5 [145000]-2 [150000]-5 [155000]-0 [160000]-7 [165000]-7 [170000]-3 [175000]-6 [180000]-2 [185000]-6 [190000]-8 [195000]-1 [200000]-8 [205000]-0 [210000]-2 [215000]-4 [220000]-6 [225000]-8 [230000]-8 [235000]-6 [240000]-1 [245000]-7 

MB number: 53

[0]-3 [5000]-3 [10000]-7 [15000]-6 [20000]-6 [25000]-9 [30000]-4 [35000]-1 [40000]-1 [45000]-7 [50000]-2 [55000]-4 [60000]-9 [65000]-0 [70000]-1 [75000]-1 [80000]-9 [85000]-8 [90000]-9 [95000]-4 [100000]-2 [105000]-5 [110000]-5 [115000]-1 [120000]-1 [125000]-5 [130000]-6 [135000]-7 [140000]-5 [145000]-2 [150000]-5 [155000]-0 [160000]-7 [165000]-7 [170000]-3 [175000]-6 [180000]-2 [185000]-6 [190000]-8 [195000]-1 [200000]-8 [205000]-0 [210000]-2 [215000]-4 [220000]-6 [225000]-8 [230000]-8 [235000]-6 [240000]-1 [245000]-7 

MB number: 54

[0]-3 [5000]-3 [10000]-7 [15000]-6 [20000]-6 [25000]-9 [30000]-4 [35000]-1 [40000]-1 [45000]-7 [50000]-2 [55000]-4 [60000]-9 [65000]-0 [70000]-1 [75000]-1 [80000]-9 [85000]-8 [90000]-9 [95000]-4 [100000]-2 [105000]-5 [110000]-5 [115000]-1 [120000]-1 [125000]-5 [130000]-6 [135000]-7 [140000]-5 [145000]-2 [150000]-5 [155000]-0 [160000]-7 [165000]-7 [170000]-3 [175000]-6 [180000]-2 [185000]-6 [190000]-8 [195000]-1 [200000]-8 [205000]-0 [210000]-2 [215000]-4 [220000]-6 [225000]-8 [230000]-8 [235000]-6 [240000]-1 [245000]-7 

MB number: 55

[0]-3 [5000]-3 [10000]-7 [15000]-6 [20000]-6 [25000]-9 [30000]-4 [35000]-1 [40000]-1 [45000]-7 [50000]-2 [55000]-4 [60000]-9 [65000]-0 [70000]-1 [75000]-1 [80000]-9 [85000]-8 [90000]-9 [95000]-4 [100000]-2 [105000]-5 [110000]-5 [115000]-1 [120000]-1 [125000]-5 [130000]-6 [135000]-7 [140000]-5 [145000]-2 [150000]-5 [155000]-0 [160000]-7 [165000]-7 [170000]-3 [175000]-6 [180000]-2 [185000]-6 [190000]-8 [195000]-1 [200000]-8 [205000]-0 [210000]-2 [215000]-4 [220000]-6 [225000]-8 [230000]-8 [235000]-6 [240000]-1 [245000]-7 

MB number: 56

[0]-3 [5000]-3 [10000]-7 [15000]-6 [20000]-6 [25000]-9 [30000]-4 [35000]-1 [40000]-1 [45000]-7 [50000]-2 [55000]-4 [60000]-9 [65000]-0 [70000]-1 [75000]-1 [80000]-9 [85000]-8 [90000]-9 [95000]-4 [100000]-2 [105000]-5 [110000]-5 [115000]-1 [120000]-1 [125000]-5 [130000]-6 [135000]-7 [140000]-5 [145000]-2 [150000]-5 [155000]-0 [160000]-7 [165000]-7 [170000]-3 [175000]-6 [180000]-2 [185000]-6 [190000]-8 [195000]-1 [200000]-8 [205000]-0 [210000]-2 [215000]-4 [220000]-6 [225000]-8 [230000]-8 [235000]-6 [240000]-1 [245000]-7 

MB number: 57

[0]-3 [5000]-3 [10000]-7 [15000]-6 [20000]-6 [25000]-9 [30000]-4 [35000]-1 [40000]-1 [45000]-7 [50000]-2 [55000]-4 [60000]-9 [65000]-0 [70000]-1 [75000]-1 [80000]-9 [85000]-8 [90000]-9 [95000]-4 [100000]-2 [105000]-5 [110000]-5 [115000]-1 [120000]-1 [125000]-5 [130000]-6 [135000]-7 [140000]-5 [145000]-2 [150000]-5 [155000]-0 [160000]-7 [165000]-7 [170000]-3 [175000]-6 [180000]-2 [185000]-6 [190000]-8 [195000]-1 [200000]-8 [205000]-0 [210000]-2 [215000]-4 [220000]-6 [225000]-8 [230000]-8 [235000]-6 [240000]-1 [245000]-7 

MB number: 58

[0]-3 [5000]-3 [10000]-7 [15000]-6 [20000]-6 [25000]-9 [30000]-4 [35000]-1 [40000]-1 [45000]-7 [50000]-2 [55000]-4 [60000]-9 [65000]-0 [70000]-1 [75000]-1 [80000]-9 [85000]-8 [90000]-9 [95000]-4 [100000]-2 [105000]-5 [110000]-5 [115000]-1 [120000]-1 [125000]-5 [130000]-6 [135000]-7 [140000]-5 [145000]-2 [150000]-5 [155000]-0 [160000]-7 [165000]-7 [170000]-3 [175000]-6 [180000]-2 [185000]-6 [190000]-8 [195000]-1 [200000]-8 [205000]-0 [210000]-2 [215000]-4 [220000]-6 [225000]-8 [230000]-8 [235000]-6 [240000]-1 [245000]-7 

MB number: 59

[0]-3 [5000]-3 [10000]-7 [15000]-6 [20000]-6 [25000]-9 [30000]-4 [35000]-1 [40000]-1 [45000]-7 [50000]-2 [55000]-4 [60000]-9 [65000]-0 [70000]-1 [75000]-1 [80000]-9 [85000]-8 [90000]-9 [95000]-4 [100000]-2 [105000]-5 [110000]-5 [115000]-1 [120000]-1 [125000]-5 [130000]-6 [135000]-7 [140000]-5 [145000]-2 [150000]-5 [155000]-0 [160000]-7 [165000]-7 [170000]-3 [175000]-6 [180000]-2 [185000]-6 [190000]-8 [195000]-1 [200000]-8 [205000]-0 [210000]-2 [215000]-4 [220000]-6 [225000]-8 [230000]-8 [235000]-6 [240000]-1 [245000]-7 

MB number: 60

[0]-3 [5000]-3 [10000]-7 [15000]-6 [20000]-6 [25000]-9 [30000]-4 [35000]-1 [40000]-1 [45000]-7 [50000]-2 [55000]-4 [60000]-9 [65000]-0 [70000]-1 [75000]-1 [80000]-9 [85000]-8 [90000]-9 [95000]-4 [100000]-2 [105000]-5 [110000]-5 [115000]-1 [120000]-1 [125000]-5 [130000]-6 [135000]-7 [140000]-5 [145000]-2 [150000]-5 [155000]-0 [160000]-7 [165000]-7 [170000]-3 [175000]-6 [180000]-2 [185000]-6 [190000]-8 [195000]-1 [200000]-8 [205000]-0 [210000]-2 [215000]-4 [220000]-6 [225000]-8 [230000]-8 [235000]-6 [240000]-1 [245000]-7 

MB number: 61

[0]-3 [5000]-3 [10000]-7 [15000]-6 [20000]-6 [25000]-9 [30000]-4 [35000]-1 [40000]-1 [45000]-7 [50000]-2 [55000]-4 [60000]-9 [65000]-0 [70000]-1 [75000]-1 [80000]-9 [85000]-8 [90000]-9 [95000]-4 [100000]-2 [105000]-5 [110000]-5 [115000]-1 [120000]-1 [125000]-5 [130000]-6 [135000]-7 [140000]-5 [145000]-2 [150000]-5 [155000]-0 [160000]-7 [165000]-7 [170000]-3 [175000]-6 [180000]-2 [185000]-6 [190000]-8 [195000]-1 [200000]-8 [205000]-0 [210000]-2 [215000]-4 [220000]-6 [225000]-8 [230000]-8 [235000]-6 [240000]-1 [245000]-7 

MB number: 62

[0]-3 [5000]-3 [10000]-7 [15000]-6 [20000]-6 [25000]-9 [30000]-4 [35000]-1 [40000]-1 [45000]-7 [50000]-2 [55000]-4 [60000]-9 [65000]-0 [70000]-1 [75000]-1 [80000]-9 [85000]-8 [90000]-9 [95000]-4 [100000]-2 [105000]-5 [110000]-5 [115000]-1 [120000]-1 [125000]-5 [130000]-6 [135000]-7 [140000]-5 [145000]-2 [150000]-5 [155000]-0 [160000]-7 [165000]-7 [170000]-3 [175000]-6 [180000]-2 [185000]-6 [190000]-8 [195000]-1 [200000]-8 [205000]-0 [210000]-2 [215000]-4 [220000]-6 [225000]-8 [230000]-8 [235000]-6 [240000]-1 [245000]-7 

MB number: 63

[0]-3 [5000]-3 [10000]-7 [15000]-6 [20000]-6 [25000]-9 [30000]-4 [35000]-1 [40000]-1 [45000]-7 [50000]-2 [55000]-4 [60000]-9 [65000]-0 [70000]-1 [75000]-1 [80000]-9 [85000]-8 [90000]-9 [95000]-4 [100000]-2 [105000]-5 [110000]-5 [115000]-1 [120000]-1 [125000]-5 [130000]-6 [135000]-7 [140000]-5 [145000]-2 [150000]-5 [155000]-0 [160000]-7 [165000]-7 [170000]-3 [175000]-6 [180000]-2 [185000]-6 [190000]-8 [195000]-1 [200000]-8 [205000]-0 [210000]-2 [215000]-4 [220000]-6 [225000]-8 [230000]-8 [235000]-6 [240000]-1 [245000]-7 

MB number: 64

[0]-3 [5000]-3 [10000]-7 [15000]-6 [20000]-6 [25000]-9 [30000]-4 [35000]-1 [40000]-1 [45000]-7 [50000]-2 [55000]-4 [60000]-9 [65000]-0 [70000]-1 [75000]-1 [80000]-9 [85000]-8 [90000]-9 [95000]-4 [100000]-2 [105000]-5 [110000]-5 [115000]-1 [120000]-1 [125000]-5 [130000]-6 [135000]-7 [140000]-5 [145000]-2 [150000]-5 [155000]-0 [160000]-7 [165000]-7 [170000]-3 [175000]-6 [180000]-2 [185000]-6 [190000]-8 [195000]-1 [200000]-8 [205000]-0 [210000]-2 [215000]-4 [220000]-6 [225000]-8 [230000]-8 [235000]-6 [240000]-1 [245000]-7 

MB number: 65

[0]-3 [5000]-3 [10000]-7 [15000]-6 [20000]-6 [25000]-9 [30000]-4 [35000]-1 [40000]-1 [45000]-7 [50000]-2 [55000]-4 [60000]-9 [65000]-0 [70000]-1 [75000]-1 [80000]-9 [85000]-8 [90000]-9 [95000]-4 [100000]-2 [105000]-5 [110000]-5 [115000]-1 [120000]-1 [125000]-5 [130000]-6 [135000]-7 [140000]-5 [145000]-2 [150000]-5 [155000]-0 [160000]-7 [165000]-7 [170000]-3 [175000]-6 [180000]-2 [185000]-6 [190000]-8 [195000]-1 [200000]-8 [205000]-0 [210000]-2 [215000]-4 [220000]-6 [225000]-8 [230000]-8 [235000]-6 [240000]-1 [245000]-7 

MB number: 66

[0]-3 [5000]-3 [10000]-7 [15000]-6 [20000]-6 [25000]-9 [30000]-4 [35000]-1 [40000]-1 [45000]-7 [50000]-2 [55000]-4 [60000]-9 [65000]-0 [70000]-1 [75000]-1 [80000]-9 [85000]-8 [90000]-9 [95000]-4 [100000]-2 [105000]-5 [110000]-5 [115000]-1 [120000]-1 [125000]-5 [130000]-6 [135000]-7 [140000]-5 [145000]-2 [150000]-5 [155000]-0 [160000]-7 [165000]-7 [170000]-3 [175000]-6 [180000]-2 [185000]-6 [190000]-8 [195000]-1 [200000]-8 [205000]-0 [210000]-2 [215000]-4 [220000]-6 [225000]-8 [230000]-8 [235000]-6 [240000]-1 [245000]-7 

MB number: 67

[0]-3 [5000]-3 [10000]-7 [15000]-6 [20000]-6 [25000]-9 [30000]-4 [35000]-1 [40000]-1 [45000]-7 [50000]-2 [55000]-4 [60000]-9 [65000]-0 [70000]-1 [75000]-1 [80000]-9 [85000]-8 [90000]-9 [95000]-4 [100000]-2 [105000]-5 [110000]-5 [115000]-1 [120000]-1 [125000]-5 [130000]-6 [135000]-7 [140000]-5 [145000]-2 [150000]-5 [155000]-0 [160000]-7 [165000]-7 [170000]-3 [175000]-6 [180000]-2 [185000]-6 [190000]-8 [195000]-1 [200000]-8 [205000]-0 [210000]-2 [215000]-4 [220000]-6 [225000]-8 [230000]-8 [235000]-6 [240000]-1 [245000]-7 

MB number: 68

[0]-3 [5000]-3 [10000]-7 [15000]-6 [20000]-6 [25000]-9 [30000]-4 [35000]-1 [40000]-1 [45000]-7 [50000]-2 [55000]-4 [60000]-9 [65000]-0 [70000]-1 [75000]-1 [80000]-9 [85000]-8 [90000]-9 [95000]-4 [100000]-2 [105000]-5 [110000]-5 [115000]-1 [120000]-1 [125000]-5 [130000]-6 [135000]-7 [140000]-5 [145000]-2 [150000]-5 [155000]-0 [160000]-7 [165000]-7 [170000]-3 [175000]-6 [180000]-2 [185000]-6 [190000]-8 [195000]-1 [200000]-8 [205000]-0 [210000]-2 [215000]-4 [220000]-6 [225000]-8 [230000]-8 [235000]-6 [240000]-1 [245000]-7 

MB number: 69

[0]-3 [5000]-3 [10000]-7 [15000]-6 [20000]-6 [25000]-9 [30000]-4 [35000]-1 [40000]-1 [45000]-7 [50000]-2 [55000]-4 [60000]-9 [65000]-0 [70000]-1 [75000]-1 [80000]-9 [85000]-8 [90000]-9 [95000]-4 [100000]-2 [105000]-5 [110000]-5 [115000]-1 [120000]-1 [125000]-5 [130000]-6 [135000]-7 [140000]-5 [145000]-2 [150000]-5 [155000]-0 [160000]-7 [165000]-7 [170000]-3 [175000]-6 [180000]-2 [185000]-6 [190000]-8 [195000]-1 [200000]-8 [205000]-0 [210000]-2 [215000]-4 [220000]-6 [225000]-8 [230000]-8 [235000]-6 [240000]-1 [245000]-7 

MB number: 70

[0]-3 [5000]-3 [10000]-7 [15000]-6 [20000]-6 [25000]-9 [30000]-4 [35000]-1 [40000]-1 [45000]-7 [50000]-2 [55000]-4 [60000]-9 [65000]-0 [70000]-1 [75000]-1 [80000]-9 [85000]-8 [90000]-9 [95000]-4 [100000]-2 [105000]-5 [110000]-5 [115000]-1 [120000]-1 [125000]-5 [130000]-6 [135000]-7 [140000]-5 [145000]-2 [150000]-5 [155000]-0 [160000]-7 [165000]-7 [170000]-3 [175000]-6 [180000]-2 [185000]-6 [190000]-8 [195000]-1 [200000]-8 [205000]-0 [210000]-2 [215000]-4 [220000]-6 [225000]-8 [230000]-8 [235000]-6 [240000]-1 [245000]-7 

MB number: 71

[0]-3 [5000]-3 [10000]-7 [15000]-6 [20000]-6 [25000]-9 [30000]-4 [35000]-1 [40000]-1 [45000]-7 [50000]-2 [55000]-4 [60000]-9 [65000]-0 [70000]-1 [75000]-1 [80000]-9 [85000]-8 [90000]-9 [95000]-4 [100000]-2 [105000]-5 [110000]-5 [115000]-1 [120000]-1 [125000]-5 [130000]-6 [135000]-7 [140000]-5 [145000]-2 [150000]-5 [155000]-0 [160000]-7 [165000]-7 [170000]-3 [175000]-6 [180000]-2 [185000]-6 [190000]-8 [195000]-1 [200000]-8 [205000]-0 [210000]-2 [215000]-4 [220000]-6 [225000]-8 [230000]-8 [235000]-6 [240000]-1 [245000]-7 

MB number: 72

[0]-3 [5000]-3 [10000]-7 [15000]-6 [20000]-6 [25000]-9 [30000]-4 [35000]-1 [40000]-1 [45000]-7 [50000]-2 [55000]-4 [60000]-9 [65000]-0 [70000]-1 [75000]-1 [80000]-9 [85000]-8 [90000]-9 [95000]-4 [100000]-2 [105000]-5 [110000]-5 [115000]-1 [120000]-1 [125000]-5 [130000]-6 [135000]-7 [140000]-5 [145000]-2 [150000]-5 [155000]-0 [160000]-7 [165000]-7 [170000]-3 [175000]-6 [180000]-2 [185000]-6 [190000]-8 [195000]-1 [200000]-8 [205000]-0 [210000]-2 [215000]-4 [220000]-6 [225000]-8 [230000]-8 [235000]-6 [240000]-1 [245000]-7 

MB number: 73

[0]-3 [5000]-3 [10000]-7 [15000]-6 [20000]-6 [25000]-9 [30000]-4 [35000]-1 [40000]-1 [45000]-7 [50000]-2 [55000]-4 [60000]-9 [65000]-0 [70000]-1 [75000]-1 [80000]-9 [85000]-8 [90000]-9 [95000]-4 [100000]-2 [105000]-5 [110000]-5 [115000]-1 [120000]-1 [125000]-5 [130000]-6 [135000]-7 [140000]-5 [145000]-2 [150000]-5 [155000]-0 [160000]-7 [165000]-7 [170000]-3 [175000]-6 [180000]-2 [185000]-6 [190000]-8 [195000]-1 [200000]-8 [205000]-0 [210000]-2 [215000]-4 [220000]-6 [225000]-8 [230000]-8 [235000]-6 [240000]-1 [245000]-7 

MB number: 74

[0]-3 [5000]-3 [10000]-7 [15000]-6 [20000]-6 [25000]-9 [30000]-4 [35000]-1 [40000]-1 [45000]-7 [50000]-2 [55000]-4 [60000]-9 [65000]-0 [70000]-1 [75000]-1 [80000]-9 [85000]-8 [90000]-9 [95000]-4 [100000]-2 [105000]-5 [110000]-5 [115000]-1 [120000]-1 [125000]-5 [130000]-6 [135000]-7 [140000]-5 [145000]-2 [150000]-5 [155000]-0 [160000]-7 [165000]-7 [170000]-3 [175000]-6 [180000]-2 [185000]-6 [190000]-8 [195000]-1 [200000]-8 [205000]-0 [210000]-2 [215000]-4 [220000]-6 [225000]-8 [230000]-8 [235000]-6 [240000]-1 [245000]-7 

MB number: 75

[0]-3 [5000]-3 [10000]-7 [15000]-6 [20000]-6 [25000]-9 [30000]-4 [35000]-1 [40000]-1 [45000]-7 [50000]-2 [55000]-4 [60000]-9 [65000]-0 [70000]-1 [75000]-1 [80000]-9 [85000]-8 [90000]-9 [95000]-4 [100000]-2 [105000]-5 [110000]-5 [115000]-1 [120000]-1 [125000]-5 [130000]-6 [135000]-7 [140000]-5 [145000]-2 [150000]-5 [155000]-0 [160000]-7 [165000]-7 [170000]-3 [175000]-6 [180000]-2 [185000]-6 [190000]-8 [195000]-1 [200000]-8 [205000]-0 [210000]-2 [215000]-4 [220000]-6 [225000]-8 [230000]-8 [235000]-6 [240000]-1 [245000]-7 

MB number: 76

[0]-3 [5000]-3 [10000]-7 [15000]-6 [20000]-6 [25000]-9 [30000]-4 [35000]-1 [40000]-1 [45000]-7 [50000]-2 [55000]-4 [60000]-9 [65000]-0 [70000]-1 [75000]-1 [80000]-9 [85000]-8 [90000]-9 [95000]-4 [100000]-2 [105000]-5 [110000]-5 [115000]-1 [120000]-1 [125000]-5 [130000]-6 [135000]-7 [140000]-5 [145000]-2 [150000]-5 [155000]-0 [160000]-7 [165000]-7 [170000]-3 [175000]-6 [180000]-2 [185000]-6 [190000]-8 [195000]-1 [200000]-8 [205000]-0 [210000]-2 [215000]-4 [220000]-6 [225000]-8 [230000]-8 [235000]-6 [240000]-1 [245000]-7 

MB number: 77

[0]-3 [5000]-3 [10000]-7 [15000]-6 [20000]-6 [25000]-9 [30000]-4 [35000]-1 [40000]-1 [45000]-7 [50000]-2 [55000]-4 [60000]-9 [65000]-0 [70000]-1 [75000]-1 [80000]-9 [85000]-8 [90000]-9 [95000]-4 [100000]-2 [105000]-5 [110000]-5 [115000]-1 [120000]-1 [125000]-5 [130000]-6 [135000]-7 [140000]-5 [145000]-2 [150000]-5 [155000]-0 [160000]-7 [165000]-7 [170000]-3 [175000]-6 [180000]-2 [185000]-6 [190000]-8 [195000]-1 [200000]-8 [205000]-0 [210000]-2 [215000]-4 [220000]-6 [225000]-8 [230000]-8 [235000]-6 [240000]-1 [245000]-7 

MB number: 78

[0]-3 [5000]-3 [10000]-7 [15000]-6 [20000]-6 [25000]-9 [30000]-4 [35000]-1 [40000]-1 [45000]-7 [50000]-2 [55000]-4 [60000]-9 [65000]-0 [70000]-1 [75000]-1 [80000]-9 [85000]-8 [90000]-9 [95000]-4 [100000]-2 [105000]-5 [110000]-5 [115000]-1 [120000]-1 [125000]-5 [130000]-6 [135000]-7 [140000]-5 [145000]-2 [150000]-5 [155000]-0 [160000]-7 [165000]-7 [170000]-3 [175000]-6 [180000]-2 [185000]-6 [190000]-8 [195000]-1 [200000]-8 [205000]-0 [210000]-2 [215000]-4 [220000]-6 [225000]-8 [230000]-8 [235000]-6 [240000]-1 [245000]-7 

MB number: 79

[0]-3 [5000]-3 [10000]-7 [15000]-6 [20000]-6 [25000]-9 [30000]-4 [35000]-1 [40000]-1 [45000]-7 [50000]-2 [55000]-4 [60000]-9 [65000]-0 [70000]-1 [75000]-1 [80000]-9 [85000]-8 [90000]-9 [95000]-4 [100000]-2 [105000]-5 [110000]-5 [115000]-1 [120000]-1 [125000]-5 [130000]-6 [135000]-7 [140000]-5 [145000]-2 [150000]-5 [155000]-0 [160000]-7 [165000]-7 [170000]-3 [175000]-6 [180000]-2 [185000]-6 [190000]-8 [195000]-1 [200000]-8 [205000]-0 [210000]-2 [215000]-4 [220000]-6 [225000]-8 [230000]-8 [235000]-6 [240000]-1 [245000]-7 

MB number: 80

[0]-3 [5000]-3 [10000]-7 [15000]-6 [20000]-6 [25000]-9 [30000]-4 [35000]-1 [40000]-1 [45000]-7 [50000]-2 [55000]-4 [60000]-9 [65000]-0 [70000]-1 [75000]-1 [80000]-9 [85000]-8 [90000]-9 [95000]-4 [100000]-2 [105000]-5 [110000]-5 [115000]-1 [120000]-1 [125000]-5 [130000]-6 [135000]-7 [140000]-5 [145000]-2 [150000]-5 [155000]-0 [160000]-7 [165000]-7 [170000]-3 [175000]-6 [180000]-2 [185000]-6 [190000]-8 [195000]-1 [200000]-8 [205000]-0 [210000]-2 [215000]-4 [220000]-6 [225000]-8 [230000]-8 [235000]-6 [240000]-1 [245000]-7 

MB number: 81

[0]-3 [5000]-3 [10000]-7 [15000]-6 [20000]-6 [25000]-9 [30000]-4 [35000]-1 [40000]-1 [45000]-7 [50000]-2 [55000]-4 [60000]-9 [65000]-0 [70000]-1 [75000]-1 [80000]-9 [85000]-8 [90000]-9 [95000]-4 [100000]-2 [105000]-5 [110000]-5 [115000]-1 [120000]-1 [125000]-5 [130000]-6 [135000]-7 [140000]-5 [145000]-2 [150000]-5 [155000]-0 [160000]-7 [165000]-7 [170000]-3 [175000]-6 [180000]-2 [185000]-6 [190000]-8 [195000]-1 [200000]-8 [205000]-0 [210000]-2 [215000]-4 [220000]-6 [225000]-8 [230000]-8 [235000]-6 [240000]-1 [245000]-7 

MB number: 82

[0]-3 [5000]-3 [10000]-7 [15000]-6 [20000]-6 [25000]-9 [30000]-4 [35000]-1 [40000]-1 [45000]-7 [50000]-2 [55000]-4 [60000]-9 [65000]-0 [70000]-1 [75000]-1 [80000]-9 [85000]-8 [90000]-9 [95000]-4 [100000]-2 [105000]-5 [110000]-5 [115000]-1 [120000]-1 [125000]-5 [130000]-6 [135000]-7 [140000]-5 [145000]-2 [150000]-5 [155000]-0 [160000]-7 [165000]-7 [170000]-3 [175000]-6 [180000]-2 [185000]-6 [190000]-8 [195000]-1 [200000]-8 [205000]-0 [210000]-2 [215000]-4 [220000]-6 [225000]-8 [230000]-8 [235000]-6 [240000]-1 [245000]-7 

MB number: 83

[0]-3 [5000]-3 [10000]-7 [15000]-6 [20000]-6 [25000]-9 [30000]-4 [35000]-1 [40000]-1 [45000]-7 [50000]-2 [55000]-4 [60000]-9 [65000]-0 [70000]-1 [75000]-1 [80000]-9 [85000]-8 [90000]-9 [95000]-4 [100000]-2 [105000]-5 [110000]-5 [115000]-1 [120000]-1 [125000]-5 [130000]-6 [135000]-7 [140000]-5 [145000]-2 [150000]-5 [155000]-0 [160000]-7 [165000]-7 [170000]-3 [175000]-6 [180000]-2 [185000]-6 [190000]-8 [195000]-1 [200000]-8 [205000]-0 [210000]-2 [215000]-4 [220000]-6 [225000]-8 [230000]-8 [235000]-6 [240000]-1 [245000]-7 

MB number: 84

[0]-3 [5000]-3 [10000]-7 [15000]-6 [20000]-6 [25000]-9 [30000]-4 [35000]-1 [40000]-1 [45000]-7 [50000]-2 [55000]-4 [60000]-9 [65000]-0 [70000]-1 [75000]-1 [80000]-9 [85000]-8 [90000]-9 [95000]-4 [100000]-2 [105000]-5 [110000]-5 [115000]-1 [120000]-1 [125000]-5 [130000]-6 [135000]-7 [140000]-5 [145000]-2 [150000]-5 [155000]-0 [160000]-7 [165000]-7 [170000]-3 [175000]-6 [180000]-2 [185000]-6 [190000]-8 [195000]-1 [200000]-8 [205000]-0 [210000]-2 [215000]-4 [220000]-6 [225000]-8 [230000]-8 [235000]-6 [240000]-1 [245000]-7 

MB number: 85

[0]-3 [5000]-3 [10000]-7 [15000]-6 [20000]-6 [25000]-9 [30000]-4 [35000]-1 [40000]-1 [45000]-7 [50000]-2 [55000]-4 [60000]-9 [65000]-0 [70000]-1 [75000]-1 [80000]-9 [85000]-8 [90000]-9 [95000]-4 [100000]-2 [105000]-5 [110000]-5 [115000]-1 [120000]-1 [125000]-5 [130000]-6 [135000]-7 [140000]-5 [145000]-2 [150000]-5 [155000]-0 [160000]-7 [165000]-7 [170000]-3 [175000]-6 [180000]-2 [185000]-6 [190000]-8 [195000]-1 [200000]-8 [205000]-0 [210000]-2 [215000]-4 [220000]-6 [225000]-8 [230000]-8 [235000]-6 [240000]-1 [245000]-7 

MB number: 86

[0]-3 [5000]-3 [10000]-7 [15000]-6 [20000]-6 [25000]-9 [30000]-4 [35000]-1 [40000]-1 [45000]-7 [50000]-2 [55000]-4 [60000]-9 [65000]-0 [70000]-1 [75000]-1 [80000]-9 [85000]-8 [90000]-9 [95000]-4 [100000]-2 [105000]-5 [110000]-5 [115000]-1 [120000]-1 [125000]-5 [130000]-6 [135000]-7 [140000]-5 [145000]-2 [150000]-5 [155000]-0 [160000]-7 [165000]-7 [170000]-3 [175000]-6 [180000]-2 [185000]-6 [190000]-8 [195000]-1 [200000]-8 [205000]-0 [210000]-2 [215000]-4 [220000]-6 [225000]-8 [230000]-8 [235000]-6 [240000]-1 [245000]-7 

MB number: 87

[0]-3 [5000]-3 [10000]-7 [15000]-6 [20000]-6 [25000]-9 [30000]-4 [35000]-1 [40000]-1 [45000]-7 [50000]-2 [55000]-4 [60000]-9 [65000]-0 [70000]-1 [75000]-1 [80000]-9 [85000]-8 [90000]-9 [95000]-4 [100000]-2 [105000]-5 [110000]-5 [115000]-1 [120000]-1 [125000]-5 [130000]-6 [135000]-7 [140000]-5 [145000]-2 [150000]-5 [155000]-0 [160000]-7 [165000]-7 [170000]-3 [175000]-6 [180000]-2 [185000]-6 [190000]-8 [195000]-1 [200000]-8 [205000]-0 [210000]-2 [215000]-4 [220000]-6 [225000]-8 [230000]-8 [235000]-6 [240000]-1 [245000]-7 

MB number: 88

[0]-3 [5000]-3 [10000]-7 [15000]-6 [20000]-6 [25000]-9 [30000]-4 [35000]-1 [40000]-1 [45000]-7 [50000]-2 [55000]-4 [60000]-9 [65000]-0 [70000]-1 [75000]-1 [80000]-9 [85000]-8 [90000]-9 [95000]-4 [100000]-2 [105000]-5 [110000]-5 [115000]-1 [120000]-1 [125000]-5 [130000]-6 [135000]-7 [140000]-5 [145000]-2 [150000]-5 [155000]-0 [160000]-7 [165000]-7 [170000]-3 [175000]-6 [180000]-2 [185000]-6 [190000]-8 [195000]-1 [200000]-8 [205000]-0 [210000]-2 [215000]-4 [220000]-6 [225000]-8 [230000]-8 [235000]-6 [240000]-1 [245000]-7 

MB number: 89

[0]-3 [5000]-3 [10000]-7 [15000]-6 [20000]-6 [25000]-9 [30000]-4 [35000]-1 [40000]-1 [45000]-7 [50000]-2 [55000]-4 [60000]-9 [65000]-0 [70000]-1 [75000]-1 [80000]-9 [85000]-8 [90000]-9 [95000]-4 [100000]-2 [105000]-5 [110000]-5 [115000]-1 [120000]-1 [125000]-5 [130000]-6 [135000]-7 [140000]-5 [145000]-2 [150000]-5 [155000]-0 [160000]-7 [165000]-7 [170000]-3 [175000]-6 [180000]-2 [185000]-6 [190000]-8 [195000]-1 [200000]-8 [205000]-0 [210000]-2 [215000]-4 [220000]-6 [225000]-8 [230000]-8 [235000]-6 [240000]-1 [245000]-7 

MB number: 90

[0]-3 [5000]-3 [10000]-7 [15000]-6 [20000]-6 [25000]-9 [30000]-4 [35000]-1 [40000]-1 [45000]-7 [50000]-2 [55000]-4 [60000]-9 [65000]-0 [70000]-1 [75000]-1 [80000]-9 [85000]-8 [90000]-9 [95000]-4 [100000]-2 [105000]-5 [110000]-5 [115000]-1 [120000]-1 [125000]-5 [130000]-6 [135000]-7 [140000]-5 [145000]-2 [150000]-5 [155000]-0 [160000]-7 [165000]-7 [170000]-3 [175000]-6 [180000]-2 [185000]-6 [190000]-8 [195000]-1 [200000]-8 [205000]-0 [210000]-2 [215000]-4 [220000]-6 [225000]-8 [230000]-8 [235000]-6 [240000]-1 [245000]-7 

MB number: 91

[0]-3 [5000]-3 [10000]-7 [15000]-6 [20000]-6 [25000]-9 [30000]-4 [35000]-1 [40000]-1 [45000]-7 [50000]-2 [55000]-4 [60000]-9 [65000]-0 [70000]-1 [75000]-1 [80000]-9 [85000]-8 [90000]-9 [95000]-4 [100000]-2 [105000]-5 [110000]-5 [115000]-1 [120000]-1 [125000]-5 [130000]-6 [135000]-7 [140000]-5 [145000]-2 [150000]-5 [155000]-0 [160000]-7 [165000]-7 [170000]-3 [175000]-6 [180000]-2 [185000]-6 [190000]-8 [195000]-1 [200000]-8 [205000]-0 [210000]-2 [215000]-4 [220000]-6 [225000]-8 [230000]-8 [235000]-6 [240000]-1 [245000]-7 

MB number: 92

[0]-3 [5000]-3 [10000]-7 [15000]-6 [20000]-6 [25000]-9 [30000]-4 [35000]-1 [40000]-1 [45000]-7 [50000]-2 [55000]-4 [60000]-9 [65000]-0 [70000]-1 [75000]-1 [80000]-9 [85000]-8 [90000]-9 [95000]-4 [100000]-2 [105000]-5 [110000]-5 [115000]-1 [120000]-1 [125000]-5 [130000]-6 [135000]-7 [140000]-5 [145000]-2 [150000]-5 [155000]-0 [160000]-7 [165000]-7 [170000]-3 [175000]-6 [180000]-2 [185000]-6 [190000]-8 [195000]-1 [200000]-8 [205000]-0 [210000]-2 [215000]-4 [220000]-6 [225000]-8 [230000]-8 [235000]-6 [240000]-1 [245000]-7 

MB number: 93

[0]-3 [5000]-3 [10000]-7 [15000]-6 [20000]-6 [25000]-9 [30000]-4 [35000]-1 [40000]-1 [45000]-7 [50000]-2 [55000]-4 [60000]-9 [65000]-0 [70000]-1 [75000]-1 [80000]-9 [85000]-8 [90000]-9 [95000]-4 [100000]-2 [105000]-5 [110000]-5 [115000]-1 [120000]-1 [125000]-5 [130000]-6 [135000]-7 [140000]-5 [145000]-2 [150000]-5 [155000]-0 [160000]-7 [165000]-7 [170000]-3 [175000]-6 [180000]-2 [185000]-6 [190000]-8 [195000]-1 [200000]-8 [205000]-0 [210000]-2 [215000]-4 [220000]-6 [225000]-8 [230000]-8 [235000]-6 [240000]-1 [245000]-7 

MB number: 94

[0]-3 [5000]-3 [10000]-7 [15000]-6 [20000]-6 [25000]-9 [30000]-4 [35000]-1 [40000]-1 [45000]-7 [50000]-2 [55000]-4 [60000]-9 [65000]-0 [70000]-1 [75000]-1 [80000]-9 [85000]-8 [90000]-9 [95000]-4 [100000]-2 [105000]-5 [110000]-5 [115000]-1 [120000]-1 [125000]-5 [130000]-6 [135000]-7 [140000]-5 [145000]-2 [150000]-5 [155000]-0 [160000]-7 [165000]-7 [170000]-3 [175000]-6 [180000]-2 [185000]-6 [190000]-8 [195000]-1 [200000]-8 [205000]-0 [210000]-2 [215000]-4 [220000]-6 [225000]-8 [230000]-8 [235000]-6 [240000]-1 [245000]-7 

MB number: 95

[0]-3 [5000]-3 [10000]-7 [15000]-6 [20000]-6 [25000]-9 [30000]-4 [35000]-1 [40000]-1 [45000]-7 [50000]-2 [55000]-4 [60000]-9 [65000]-0 [70000]-1 [75000]-1 [80000]-9 [85000]-8 [90000]-9 [95000]-4 [100000]-2 [105000]-5 [110000]-5 [115000]-1 [120000]-1 [125000]-5 [130000]-6 [135000]-7 [140000]-5 [145000]-2 [150000]-5 [155000]-0 [160000]-7 [165000]-7 [170000]-3 [175000]-6 [180000]-2 [185000]-6 [190000]-8 [195000]-1 [200000]-8 [205000]-0 [210000]-2 [215000]-4 [220000]-6 [225000]-8 [230000]-8 [235000]-6 [240000]-1 [245000]-7 

MB number: 96

[0]-3 [5000]-3 [10000]-7 [15000]-6 [20000]-6 [25000]-9 [30000]-4 [35000]-1 [40000]-1 [45000]-7 [50000]-2 [55000]-4 [60000]-9 [65000]-0 [70000]-1 [75000]-1 [80000]-9 [85000]-8 [90000]-9 [95000]-4 [100000]-2 [105000]-5 [110000]-5 [115000]-1 [120000]-1 [125000]-5 [130000]-6 [135000]-7 [140000]-5 [145000]-2 [150000]-5 [155000]-0 [160000]-7 [165000]-7 [170000]-3 [175000]-6 [180000]-2 [185000]-6 [190000]-8 [195000]-1 [200000]-8 [205000]-0 [210000]-2 [215000]-4 [220000]-6 [225000]-8 [230000]-8 [235000]-6 [240000]-1 [245000]-7 

MB number: 97

[0]-3 [5000]-3 [10000]-7 [15000]-6 [20000]-6 [25000]-9 [30000]-4 [35000]-1 [40000]-1 [45000]-7 [50000]-2 [55000]-4 [60000]-9 [65000]-0 [70000]-1 [75000]-1 [80000]-9 [85000]-8 [90000]-9 [95000]-4 [100000]-2 [105000]-5 [110000]-5 [115000]-1 [120000]-1 [125000]-5 [130000]-6 [135000]-7 [140000]-5 [145000]-2 [150000]-5 [155000]-0 [160000]-7 [165000]-7 [170000]-3 [175000]-6 [180000]-2 [185000]-6 [190000]-8 [195000]-1 [200000]-8 [205000]-0 [210000]-2 [215000]-4 [220000]-6 [225000]-8 [230000]-8 [235000]-6 [240000]-1 [245000]-7 

MB number: 98

[0]-3 [5000]-3 [10000]-7 [15000]-6 [20000]-6 [25000]-9 [30000]-4 [35000]-1 [40000]-1 [45000]-7 [50000]-2 [55000]-4 [60000]-9 [65000]-0 [70000]-1 [75000]-1 [80000]-9 [85000]-8 [90000]-9 [95000]-4 [100000]-2 [105000]-5 [110000]-5 [115000]-1 [120000]-1 [125000]-5 [130000]-6 [135000]-7 [140000]-5 [145000]-2 [150000]-5 [155000]-0 [160000]-7 [165000]-7 [170000]-3 [175000]-6 [180000]-2 [185000]-6 [190000]-8 [195000]-1 [200000]-8 [205000]-0 [210000]-2 [215000]-4 [220000]-6 [225000]-8 [230000]-8 [235000]-6 [240000]-1 [245000]-7 

MB number: 99

[0]-3 [5000]-3 [10000]-7 [15000]-6 [20000]-6 [25000]-9 [30000]-4 [35000]-1 [40000]-1 [45000]-7 [50000]-2 [55000]-4 [60000]-9 [65000]-0 [70000]-1 [75000]-1 [80000]-9 [85000]-8 [90000]-9 [95000]-4 [100000]-2 [105000]-5 [110000]-5 [115000]-1 [120000]-1 [125000]-5 [130000]-6 [135000]-7 [140000]-5 [145000]-2 [150000]-5 [155000]-0 [160000]-7 [165000]-7 [170000]-3 [175000]-6 [180000]-2 [185000]-6 [190000]-8 [195000]-1 [200000]-8 [205000]-0 [210000]-2 [215000]-4 [220000]-6 [225000]-8 [230000]-8 [235000]-6 [240000]-1 [245000]-7 

MB number: 100

[0]-3 [5000]-3 [10000]-7 [15000]-6 [20000]-6 [25000]-9 [30000]-4 [35000]-1 [40000]-1 [45000]-7 [50000]-2 [55000]-4 [60000]-9 [65000]-0 [70000]-1 [75000]-1 [80000]-9 [85000]-8 [90000]-9 [95000]-4 [100000]-2 [105000]-5 [110000]-5 [115000]-1 [120000]-1 [125000]-5 [130000]-6 [135000]-7 [140000]-5 [145000]-2 [150000]-5 [155000]-0 [160000]-7 [165000]-7 [170000]-3 [175000]-6 [180000]-2 [185000]-6 [190000]-8 [195000]-1 [200000]-8 [205000]-0 [210000]-2 [215000]-4 [220000]-6 [225000]-8 [230000]-8 [235000]-6 [240000]-1 [245000]-7 Ho scrittoRicevuto segnale