Wed Dec 29 19:24:02 2021
PRODUCER PROCESS STARTS:

Wed Dec 29 19:24:05 2021
Producer forked consumer

Wed Dec 29 19:24:05 2021
data_array for writing filled

Wed Dec 29 19:24:05 2021
Get time before starting to write on the pipe

Wed Dec 29 19:24:05 2021
Writing stage:

Wed Dec 29 19:24:05 2021
MB number 1:
[0]-3; [5000]-3; [10000]-7; [15000]-6; [20000]-6; [25000]-9; [30000]-4; [35000]-1; [40000]-1; [45000]-7; [50000]-2; [55000]-4; [60000]-9; [65000]-0; [70000]-1; [75000]-1; [80000]-9; [85000]-8; [90000]-9; [95000]-4; [100000]-2; [105000]-5; [110000]-5; [115000]-1; [120000]-1; [125000]-5; [130000]-6; [135000]-7; [140000]-5; [145000]-2; [150000]-5; [155000]-0; [160000]-7; [165000]-7; [170000]-3; [175000]-6; [180000]-2; [185000]-6; [190000]-8; [195000]-1; [200000]-8; [205000]-0; [210000]-2; [215000]-4; [220000]-6; [225000]-8; [230000]-8; [235000]-6; [240000]-1; [245000]-7; 

Wed Dec 29 19:24:05 2021
MB number 2:
[0]-3; [5000]-3; [10000]-7; [15000]-6; [20000]-6; [25000]-9; [30000]-4; [35000]-1; [40000]-1; [45000]-7; [50000]-2; [55000]-4; [60000]-9; [65000]-0; [70000]-1; [75000]-1; [80000]-9; [85000]-8; [90000]-9; [95000]-4; [100000]-2; [105000]-5; [110000]-5; [115000]-1; [120000]-1; [125000]-5; [130000]-6; [135000]-7; [140000]-5; [145000]-2; [150000]-5; [155000]-0; [160000]-7; [165000]-7; [170000]-3; [175000]-6; [180000]-2; [185000]-6; [190000]-8; [195000]-1; [200000]-8; [205000]-0; [210000]-2; [215000]-4; [220000]-6; [225000]-8; [230000]-8; [235000]-6; [240000]-1; [245000]-7; 

Wed Dec 29 19:24:06 2021
MB number 3:
[0]-3; [5000]-3; [10000]-7; [15000]-6; [20000]-6; [25000]-9; [30000]-4; [35000]-1; [40000]-1; [45000]-7; [50000]-2; [55000]-4; [60000]-9; [65000]-0; [70000]-1; [75000]-1; [80000]-9; [85000]-8; [90000]-9; [95000]-4; [100000]-2; [105000]-5; [110000]-5; [115000]-1; [120000]-1; [125000]-5; [130000]-6; [135000]-7; [140000]-5; [145000]-2; [150000]-5; [155000]-0; [160000]-7; [165000]-7; [170000]-3; [175000]-6; [180000]-2; [185000]-6; [190000]-8; [195000]-1; [200000]-8; [205000]-0; [210000]-2; [215000]-4; [220000]-6; [225000]-8; [230000]-8; [235000]-6; [240000]-1; [245000]-7; 

Wed Dec 29 19:24:06 2021
MB number 4:
[0]-3; [5000]-3; [10000]-7; [15000]-6; [20000]-6; [25000]-9; [30000]-4; [35000]-1; [40000]-1; [45000]-7; [50000]-2; [55000]-4; [60000]-9; [65000]-0; [70000]-1; [75000]-1; [80000]-9; [85000]-8; [90000]-9; [95000]-4; [100000]-2; [105000]-5; [110000]-5; [115000]-1; [120000]-1; [125000]-5; [130000]-6; [135000]-7; [140000]-5; [145000]-2; [150000]-5; [155000]-0; [160000]-7; [165000]-7; [170000]-3; [175000]-6; [180000]-2; [185000]-6; [190000]-8; [195000]-1; [200000]-8; [205000]-0; [210000]-2; [215000]-4; [220000]-6; [225000]-8; [230000]-8; [235000]-6; [240000]-1; [245000]-7; 

Wed Dec 29 19:24:06 2021
Get time at the end of transmission

Wed Dec 29 19:24:06 2021
Time taken for transferring data = 1.417311 sec

Wed Dec 29 19:24:06 2021
Producer process exiting...
